Tm = 0.398015 -> C/Cc = 0.4
Tm = 0.264616 -> C/Cc = 0.2
